BUNCHING INFERENCE — corrected model (v = 0.20 x value added)
==========================================================================

--- Vintage 2023-24 (threshold GBP 85k) ---
              point        se     ci_lo    ci_hi  n_boot
parameter                                               
b         -0.138518  0.003692 -0.145714 -0.13173     200
b_llat     0.000000  0.000000  0.000000  0.00000     200
E          0.000000  0.000000  0.000000  0.00000     200
dyR        0.000000  0.000000  0.000000  0.00000     200

Degree x window sensitivity (point estimates):
 degree  window         b   b_llat            E
      5    10.0 -0.112279 0.016866     0.000000
      5    15.0 -0.085664 0.026317     0.000000
      5    20.0 -0.054464 2.362614    10.033586
      5    25.0 -0.023539 2.919808  1109.821055
      6    10.0 -0.137694 0.000000     0.000000
      6    15.0 -0.132641 0.000000     0.000000
      6    20.0 -0.134418 0.000000     0.000000
      6    25.0 -0.159789 0.000000     0.000000
      7    10.0 -0.144358 0.000000     0.000000
      7    15.0 -0.138518 0.000000     0.000000
      7    20.0 -0.137823 0.000000     0.000000
      7    25.0 -0.160018 0.000000     0.000000
      8    10.0 -0.076918 0.042989     0.000000
      8    15.0 -0.038155 1.847502   142.890684
      8    20.0  0.040255 3.412702  4852.024963
      8    25.0  0.203619 8.376083 25533.500413

--- Vintage 2024-25 (threshold GBP 90k) ---
                   point          se          ci_lo          ci_hi  n_boot
parameter                                                                 
b               1.221842    0.011326       1.201835       1.246055     200
b_llat         21.209037    0.155598      20.950416      21.555931     200
E          195866.619141  800.316808  194332.289630  197654.675963     200
dyR            15.000000    0.000000      15.000000      15.000000     200

Degree x window sensitivity (point estimates):
 degree  window        b    b_llat             E
      5    10.0 1.899054 21.803729 199161.048697
      5    15.0 1.329430 22.692739 201905.514081
      5    20.0 1.055832 23.722504 205017.542877
      5    25.0 0.921820 25.287277 211926.476757
      6    10.0 1.892921 21.756740 198938.711728
      6    15.0 1.314636 22.554989 201206.514255
      6    20.0 1.013269 23.275907 202597.636560
      6    25.0 0.827810 24.060501 204130.673711
      7    10.0 1.794469 20.649124 195236.057135
      7    15.0 1.221842 21.209037 195866.619141
      7    20.0 0.919304 21.714802 195687.660491
      7    25.0 0.731740 22.312956 195674.755282
      8    10.0 1.883121 21.117601 198581.479155
      8    15.0 1.327029 21.864475 201047.884255
      8    20.0 1.043872 22.506280 203108.176854
      8    25.0 0.883160 23.152326 207206.782013
